num crossings	time (s)	maj axis (mm)	min axis (mm)	theta (rad )	slope (V/s)
489	698.106729	64.336223	21.747468	3.753823	7.965087
491	700.170820	64.188859	21.571545	3.756301	7.097152
493	702.236481	63.923664	21.524135	3.760844	7.974469
497	706.371039	63.731925	21.487689	3.761538	8.138170
499	708.435907	63.846079	21.433067	3.762920	8.636004
501	710.499206	63.847998	21.457591	3.766003	8.149887
503	712.565361	63.819061	21.343473	3.771156	7.779711
505	714.626086	63.769621	21.299329	3.777211	7.746581
507	716.691544	63.364750	21.165052	3.780203	8.079887
509	718.756845	63.284820	21.106866	3.780171	8.234367
511	720.821766	63.112606	21.094165	3.785232	8.349248
513	722.888733	63.074827	21.097234	3.788891	8.549767
515	724.955606	63.022181	21.099152	3.791810	8.407855
517	727.021288	63.127721	21.051210	3.795713	8.201600
519	729.087833	63.011222	20.963382	3.796043	8.735994
521	731.151245	62.907345	20.912297	3.796975	8.336965
523	733.215973	62.944713	20.927631	3.802237	8.379225
525	735.279618	62.851648	20.830791	3.804687	8.423728
527	737.341837	62.377997	20.748980	3.809106	8.569841
531	741.473266	62.451255	20.500397	3.807496	8.095182
533	743.540479	62.552883	20.573333	3.811295	8.054862
535	745.607127	62.640376	20.554513	3.814538	7.797664
537	747.673536	62.341386	20.536241	3.824174	8.243631
539	749.741313	62.312264	20.568379	3.825941	8.140913
541	751.804911	62.094442	20.403649	3.827964	8.315956
543	753.866720	62.014370	20.337166	3.829742	8.535576
545	755.929259	62.420297	20.360355	3.825446	8.211223
547	757.994264	62.302322	20.291301	3.826716	8.375258
549	760.058925	62.026075	20.202747	3.831292	8.011300
551	762.125278	62.161193	20.129915	3.835720	7.839187
553	764.190513	61.682378	20.082711	3.837448	8.064490
555	766.256074	61.828680	20.039635	3.839700	7.798608
557	768.321230	61.881968	20.031403	3.843526	7.710078
559	770.386251	61.786771	19.955307	3.845100	8.116319
561	772.451201	61.760936	19.853910	3.849377	8.459013
563	774.514958	61.492424	20.062965	3.859402	8.177251
565	776.580033	61.473115	19.885125	3.856690	8.170260
567	778.646512	61.117016	19.819797	3.858587	8.357918
569	780.713239	61.033468	19.785497	3.858668	8.507746
571	782.780557	61.094117	19.865162	3.866443	8.335551
573	784.847739	61.172959	19.801390	3.864808	8.199517
575	786.912132	60.535561	19.652821	3.865515	8.278453
577	788.977237	61.065273	19.616030	3.865768	7.942698
579	791.040298	61.262186	19.574523	3.870622	7.992523
583	795.167325	60.930258	19.439825	3.878926	8.025347
585	797.231636	61.023889	19.440076	3.883353	7.849055
587	799.295601	60.782116	19.428486	3.882201	8.021194
589	801.361723	60.574780	19.422388	3.884013	8.408651
591	803.427074	60.562672	19.397684	3.887910	8.127336
595	807.557199	60.650234	19.347526	3.890482	8.452507
597	809.622795	60.438308	19.313092	3.895830	7.990185
599	811.687067	60.316161	19.304857	3.894988	8.165333
601	813.752784	60.434549	19.239707	3.897745	8.499604
603	815.818355	60.201231	19.132103	3.900019	8.297325
607	819.949879	60.360489	19.053186	3.905234	8.033671
609	822.015215	60.283036	19.068387	3.909330	8.276435
611	824.081507	59.668779	18.927161	3.909743	7.736837
613	826.148280	59.789634	18.978533	3.911682	8.141432
615	828.215672	59.575719	18.991920	3.916777	8.291713
617	830.281044	59.439212	19.010466	3.923565	7.960339
621	834.407959	59.522177	18.867778	3.922723	8.131668
623	836.471043	59.427019	18.813607	3.923822	8.089281
625	838.534528	59.402657	18.735334	3.922207	8.161332
627	840.598681	59.310192	18.707501	3.929151	8.137219
631	844.728719	59.435462	18.650580	3.934113	8.203728
633	846.793399	59.011728	18.534403	3.933212	7.878986
635	848.858872	59.064333	18.600943	3.938151	8.003234
637	850.924914	58.885491	18.464694	3.937429	8.034443
641	855.055785	58.579968	18.399163	3.944602	8.184504
643	857.121580	58.375808	18.361129	3.949216	7.985302
645	859.188070	58.606266	18.413833	3.950573	8.239800
647	861.254847	58.352077	18.401098	3.953664	8.290051
649	863.321192	58.120287	18.392183	3.959997	7.973010
651	865.387034	58.083122	18.268807	3.957987	8.047758
653	867.451095	58.179823	18.203983	3.958212	7.794191
655	869.514746	58.112431	18.088658	3.960470	7.917451
659	873.643015	58.403404	18.076754	3.967760	8.104625
661	875.707123	58.254585	18.010405	3.970273	7.564752
663	877.771437	58.169100	17.847095	3.967771	7.714982
665	879.835704	57.944028	17.877440	3.969737	7.663510
667	881.901044	57.739839	17.821796	3.978027	7.993605
669	883.965372	57.893594	17.850356	3.977173	7.986375
673	888.096110	57.595518	17.754004	3.977207	7.510278
675	890.161385	57.794324	17.727749	3.980254	7.800209
677	892.226835	57.389762	17.633201	3.982775	7.806436
679	894.292796	57.578368	17.666163	3.987709	7.688603
681	896.357486	57.598221	17.599194	3.988682	7.646391
683	898.423051	57.232973	17.579222	3.993989	7.728771
685	900.489027	57.227817	17.600094	3.990131	7.822969
687	902.556060	57.215802	17.578407	3.991196	7.479942
689	904.621133	56.506524	17.477172	4.002916	7.671634
691	906.688978	56.887823	17.642894	4.005061	7.604966
695	910.817938	56.670120	17.518046	4.008894	7.723610
697	912.881224	56.766524	17.541962	4.013278	7.973612
699	914.944541	56.517916	17.464024	4.020117	7.930917
701	917.007573	56.827451	17.382755	4.011233	7.840666
703	919.072768	56.916385	17.404335	4.012186	7.794008
705	921.136886	56.426065	17.261646	4.014056	7.744687
707	923.201279	56.459061	17.302099	4.015886	7.828575
709	925.266763	56.787492	17.301263	4.020670	7.612658
711	927.331026	56.454276	17.190186	4.019048	7.685976
713	929.395555	56.527023	17.212992	4.023415	8.190085
715	931.462073	56.731723	17.329605	4.030237	7.639540
717	933.527303	56.470300	17.182753	4.025149	7.807923
719	935.594288	56.224355	17.116057	4.026219	7.961668
721	937.660770	56.363086	17.152268	4.030922	7.644898
723	939.726224	56.031099	17.090494	4.031766	7.732642
725	941.793495	55.888975	17.114267	4.035068	7.644674
727	943.858487	55.659195	17.021394	4.034485	7.624174
729	945.922323	55.568092	16.915700	4.033870	7.832200
731	947.987526	55.817789	16.885503	4.039338	7.378751
735	952.116735	55.665888	16.735266	4.039675	7.593671
737	954.180897	55.613951	16.701488	4.044159	7.539711
739	956.244695	55.564149	16.662891	4.046246	7.614113
741	958.308749	55.500948	16.562828	4.048705	7.351609
743	960.374034	55.750107	16.620129	4.051543	7.465150
745	962.438862	55.412585	16.476646	4.053315	7.636399
747	964.504129	55.296778	16.515407	4.056836	7.274467
749	966.569110	55.628507	16.539563	4.055886	7.528209
751	968.634430	55.416719	16.473447	4.055267	7.532305
753	970.700124	55.005146	16.393690	4.062581	7.651368
755	972.766289	55.016873	16.454514	4.059999	7.483830
757	974.832645	54.949827	16.417631	4.060650	7.185438
759	976.896904	54.898990	16.422818	4.063224	7.574269
761	978.963059	54.441168	16.425335	4.069783	7.377560
763	981.028531	54.566208	16.375124	4.067732	7.812787
767	985.159081	54.485248	16.438785	4.078511	7.321682
769	987.223038	54.421916	16.328493	4.082014	7.637475
771	989.287505	54.440534	16.311943	4.078618	7.292591
773	991.351197	54.689396	16.316580	4.080237	7.302274
775	993.414888	54.176484	16.174129	4.087369	7.514137
777	995.477848	54.333719	16.122572	4.082827	7.434284
779	997.543342	53.929931	16.058238	4.087455	7.563426
781	999.607861	54.286729	16.137948	4.091790	7.505792
785	1003.737154	54.145008	16.016560	4.086540	7.317846
787	1005.802153	54.185371	16.005199	4.090610	7.457622
789	1007.867097	53.997907	16.059052	4.096234	7.540520
791	1009.933165	53.896721	16.071374	4.100538	7.362738
793	1012.000188	53.806728	15.956274	4.099316	7.284235
795	1014.066466	53.640354	15.930431	4.102137	7.644507
797	1016.132519	53.380212	15.878999	4.103877	7.394410
799	1018.197940	53.608227	15.926216	4.101015	7.169773
801	1020.262912	53.058976	15.809244	4.105745	7.431318
